function mycmap = segmColorMap()
mycmap = [
    0.45      0.5470    0.6410;
    0.8500    0.3250    0.0980;
    0.9290    0.6940    0.1250;
    0.4940    0.1840    0.3560;
    0.4660    0.6740    0.1880;
    0.3010    0.7450    0.9330;
    0.5142    0.7695    0.7258;
    0.9300    0.8644    0.4048;
    0.6929    0.6784    0.7951;
    0.6154    0.7668    0.4158;
    0.4668    0.6455    0.7695;
    0.9227    0.6565    0.3574;
    0.6528    0.8096    0.3829;
    0.6856    0.4668    0.6893;
    0.7914    0.7914    0.7914;
    0.7440    0.8571    0.7185;
    0.9191    0.7476    0.8352;
    0.9300    0.9300    0.6528;
    0.3686    0.3098    0.6353;
    0.6196    0.0039    0.2588;
    0.9539    0.8295    0.6562;
    0.9955    0.8227    0.4828;
    0.1974    0.5129    0.7403;
    0.5978    0.8408    0.6445;
    0.8877    0.6154    0.5391;
    0.6206    0.2239    0.3094;
    ];
end